0.062500
0.287500
0.525000
0.637500
0.787500
0.850000
0.875000
0.950000
0.937500
0.925000
0.937500
0.937500
0.937500
0.937500
0.937500
0.937500
0.937500
0.937500
0.937500
0.950000
0.950000
0.950000
0.950000
0.950000
0.937500
0.937500
0.937500
0.937500
0.937500
0.937500
0.937500
0.937500
0.937500
0.937500
0.937500
0.937500
0.937500
0.937500
0.937500
0.925000
0.937500
0.925000
0.937500
0.937500
0.925000
0.925000
0.937500
0.950000
0.950000
0.937500
0.962500
0.937500
0.950000
0.950000
0.937500
0.950000
0.962500
0.950000
0.962500
0.950000
0.962500
0.950000
0.962500
0.962500
0.962500
0.950000
0.950000
0.962500
0.962500
0.962500
0.962500
0.950000
0.950000
0.950000
0.950000
0.950000
0.950000
0.950000
0.950000
0.950000
0.950000
0.950000
0.950000
0.950000
0.950000
0.950000
0.950000
0.950000
0.950000
0.937500
0.950000
0.950000
0.950000
0.950000
0.937500
0.937500
0.937500
0.937500
0.937500
0.937500
0.937500
0.937500
0.937500
0.962500
0.937500
0.937500
0.937500
0.937500
0.937500
0.937500
0.937500
0.937500
0.937500
0.937500
0.937500
0.937500
0.937500
0.937500
0.937500
0.937500
0.925000
0.937500
0.925000
0.925000
0.937500
0.925000
0.925000
0.925000
0.937500
0.925000
0.937500
0.925000
0.937500
0.925000
0.937500
0.937500
0.937500
0.925000
0.937500
0.925000
0.937500
0.937500
0.925000
0.925000
0.937500
0.925000
0.937500
0.925000
0.925000
0.925000
0.925000
0.937500
0.925000
0.925000
0.937500
0.925000
0.937500
0.937500
0.937500
0.937500
0.937500
0.937500
0.937500
0.937500
0.937500
0.937500
0.937500
0.937500
0.937500
0.937500
0.937500
0.937500
0.937500
0.937500
0.937500
0.937500
0.937500
0.937500
0.937500
0.937500
0.925000
0.937500
0.925000
0.937500
0.937500
0.937500
0.937500
0.937500
0.937500
0.937500
0.937500
0.937500
0.925000
0.925000
0.925000
0.937500
0.925000
0.937500
0.937500
0.937500
0.937500
0.937500
0.937500
0.937500
0.937500
0.925000
0.925000
0.937500
0.925000
0.925000
0.925000
0.937500
0.937500
0.937500
0.937500
0.937500
0.937500
0.925000
0.937500
0.937500
0.937500
0.937500
0.937500
0.925000
0.937500
0.925000
0.937500
0.950000
0.937500
0.925000
0.937500
0.937500
0.937500
0.925000
0.937500
0.937500
0.937500
0.937500
0.925000
0.937500
0.937500
0.937500
0.937500
0.937500
0.950000
0.937500
0.937500
0.937500
0.937500
0.937500
0.937500
0.937500
0.937500
0.937500
0.937500
0.937500
0.937500
0.937500
0.937500
0.937500
0.937500
0.937500
0.937500
0.937500
0.937500
0.937500
0.937500
0.937500
0.950000
0.937500
0.937500
0.937500
0.937500
0.950000
0.950000
0.950000
0.950000
0.950000
0.937500
0.950000
0.937500
0.937500
0.950000
0.937500
0.937500
0.950000
0.950000
0.950000
0.950000
0.950000
0.950000
0.937500
0.937500
0.937500
0.937500
0.937500
0.937500
0.937500
0.937500
0.937500
0.937500
0.937500
0.937500
0.937500
0.937500
0.937500
0.937500
0.937500
0.937500
0.937500
0.937500
0.937500
0.937500
0.937500
0.937500
0.937500
0.937500
0.937500
0.937500
0.937500
